000000000000000000000000000000000000000000000000000000000000000000000000000000000000000000000000000000000000000000000000000000000000000000000000000000000000000000000000000000000000000000000000000000000000000000000000000000000000000000000000000000000000000000000000000000000000000000000000000000000000
000000000000000000000000000000000000000000000000000000000000000000000000000000000000000000000000000000000000000000000000000000000000000000000000000000000000000000000000000000000000000000000000000000000000000000000000000000000000000000000000000000000000000000000000000000000000000000000000000000000000
000000000000000000000000000000000000000000000000000000000000000000000000000000000000000000000000000000000000000000000000000000000000000000000000000000000000000000000000000000000000000000000000000000000000000000000000000000000000000000000000000000000000000000000000000000000000000000000000000000000000
000000000000000000000000000000000000000000000000000000000000000000000000000000000000000000000000000000000000000000000000000000000000000000000000000000000000000000000000000000000000000000000000000000000000000000000000000000000000000000000000000000000000000000000000000000000000000000000000000000000000
000000000000000000000000000000000000000000000000000000000000000000000000000000000000000000000000000000000000000000000000000000000000000000000000000000000000000000000000000000000000000000000000000000000000000000000000000000000000000000000000000000000000000000000000000000000000000000000000000000000000
000000000000000000000000000000000000000000000000000000000000000000000000000000000000000000000000000000000000000000000000000000000000000000000000000000000000000000000000000000000000000000000000000000000000000000000000000000000000000000000000000000000000000000000000000000000000000000000000000000000000
000000000000000000000000000000000000000000000000000000000000000000000000000000000000000000000000000000000000000000000000000000000000000000000000000000000000000000000000000000000000000000000000000000000000000000000000000000000000000000000000000000000000000000000000000000000000000000000000000000000000
000000000000000000000000000000000000000000000000000000000000000000000000000000000000000000000000000000000000000000000000000000000000000000000000000000000000000000000000000000000000000000000000000000000000000000000000000000000000000000000000000000000000000000000000000000000000000000000000000000000000
000000000000000000000000000000000000000000000000000000000000000000000000000000000000000000000000000000000000000000000000000000000000000000000000000000000000000000000000000000000000000000000000000000000000000000000000000000000000000000000000000000000000000000000000000000000000000000000000000000000000
000000000000000000000000000000000000000000000000000000000000000000000000000000000000000000000000000000000000000000000000000000000000000000000000000000000000000000000000000000000000000000000000000000000000000000000000000000000000000000000000000000000000000000000000000000000000000000000000000000000000
111111111111111111111111111111111111111111111111111111111111111111111111111111111111111111111111111111111111111111111111111111111111111111111111111111111111111111111111111111111111111111111111111111111111111111111111111111111111111111111111111111111111111111111111111111111111111111111111111111111111
000000000000000000000000000000000000000000000000000000000000000000000000000000000000000000000000000000000000000000000000000000000000000000000000000000000000000000000000000000000000000000000000000000000000000000000000000000000000000000111100000000000000000000011100000000000000000000000000000000000000
111111111111111111111111111111111111111111111111111111111111111111111111111111111111111111111111111111100000011111111111111100000111111111111111100000000011111111111111111111111111111111111111111111111100000001111111111110000000001111000011111100000000000111100011111111100001111111111110000000011111
111111111111111111111111111111111111111111111111111111111111111111111111111111111111111111111111111100011111100011100000000011111000011111100000011111111100001111100000000000000000000000000000000000010011100010001111000001111111110001111111000011111001111001111111000000011110000111100001111111100011
000000000000000000000000000000000000000000000000000000000000000000000000000000000000000000000000000011000000001100011111000000000001100000011111000000000001110000011111100000001111111111000000000111101000011100110000111100000000000110111100111000000110000110011100111000000000111000011100000000001100
111111111111111111111111111111111111111111111111111111111111111111111111111111111111111111111111111100111000110111111000111111111110011111110000111100011110011111110000011111110001111000111111111000110110000001011111100011110000011011011011100111000000001001100011000111111111001111110011111111110011
111111111111111111111111111111111111111111111111111111111111111111111111111111111111111111111111111110000111001000000110000000000001101111001110000011100000100110001110000000000110000110000000000011000001100010101110011000001111100101100110011000100000010010111110111000000000010000001000000000001101
000000000000000000000000000000000000000000000000000000000000000000000000000000000000000000000000000001100000010111111001111100000110010000110001100000000011011001110001111111111001111001111111111100111100011101010001100110000000001010111101100100011111100101011101000111100001101111110110000000010010
111111111111111111111111111111111111111111111111111111111111111111111111111111111111111111111111111100011000101011100110000011111001111111101100011100011100101111101100000000000110000110000000000001010010000000101111011001110000010101011011010011000000001011100011110000011110010111101001111111100111
111111111111111111111111111111111111111111111111111111111111111111111111111111111111111111111111111111000111010100011001110000000010101111011011000011100001010110010011111100011011111101100000001110101101100010011110110100001111101011100110101100100000010100111110101110000000101000010100000000011101
000000000000000000000000000000000000000000000000000000000000000000000000000000000000000000000000000000110000101011110110001111111101010000100100110000000110101001101100000011100100110010011111110001010010011101110001101011000000000100111101010010011111101011011101010001111111010111101011111101100010
111111111111111111111111111111111111111111111111111111111111111111111111111111111111111111111111111111001000000100001001000000000000101111011011001100011001010111010011100000001011001101000000000110101000000000001111010100110000010011011011101001000000000100100010101000000000101011010100000010001101
111111111111111111111111111111111111111111111111111111111111111111111111111111111111111111111111111100100111011011110110111100000111010110100100100011100010101000101100011111110100110010111111111001010101100011110110101010001111101100111110010100100000010011111101010111100001010100101010000000010010
000000000000000000000000000000000000000000000000000000000000000000000000000000000000000000000000000011010000100100001001000011111000101001011011010000000101010111010011100000001011001101000000000110101010000000001001010101000000000011100101101010011001101100011110101000011110101011010101111101101101
111111111111111111111111111111111111111111111111111111111111111111111111111111111111111111111111111100001111011011110110110000000011011111100100001111111000101110101100011100010100110010100000001001010101011110111110101000111111111101111110010101000110010011101011010110000000010100101000000010010011
111111111111111111111111111111111111111111111111111111111111111111111111111111111111111111111111111110110000100111101000001111111100110110111010110000000110011001110010000011100011001100011111110010110010100001000111010011000000000010011011101010100000001001110101101001111111001111110011111101101110
000000000000000000000000000000000000000000000000000000000000000000000000000000000000000000000000000001001000011100011111110000000011001001010101001100011001110111011101111100011101111011100000001101101100000000111001101100110000011111111101110101011001100110011110010110000000111011011100000010010001
111111111111111111111111111111111111111111111111111111111111111111111111111111111111111111111111111110100111000011100000001100000100111111101010100011100010001110100010000011100010000100011111110010010001000011001110010010001111100001100110001000000000010001101011101001100001000100100010000000001111
111111111111111111111111111111111111111111111111111111111111111111111111111111111111111111111111111101010000101100011111000011111001000110010101010000000101110001011101100000001101111011000000000101101010111100110111101101000000000110011011110010100110001110110100010000011110111011011101111101100000
000000000000000000000000000000000000000000000000000000000000000000000000000000000000000000000000000010001000010011110000110000000010111001101010001100011000001110100010011100010010110100100000001010010100000000011000110000110000011001111100001101000000000001011111101110000000000100100000000010011111
111111111111111111111111111111111111111111111111111111111111111111111111111111111111111111111111111101100111001111101111001100000101010110110101100011100011111001111101100011101101001011011111110101111001000011100111001110001111100110111111110000011001110111101001010001100001111111111110000000000010
111111111111111111111111111111111111111111111111111111111111111111111111111111111111111111111111111110010000110000010000110011111010101111001010010000000100000111000010011100010010110100100000001010000110111100011111110001000000001001000011001110100110001000110110101110011110000011000001111101111101
000000000000000000000000000000000000000000000000000000000000000000000000000000000000000000000000000001101000001111101111001100000101011001110101101100011011111110111101100011101101001011011111110101111000000001101000001110110000010111111100110001000000000111011111010001100001111100111110000010000011
111111111111111111111111111111111111111111111111111111111111111111111111111111111111111111111111111110010111110000010000110011111010100110001010010011100100000001000010011100010010110100100000001010000111000010010111110001001111101000111111001110011001111000101000101110011110000011000001111101111100
111111111111111111111111111111111111111111111111111111111111111111111111111111111111111111111111111101101000001111111111001100000101111111111101101100011011111111111101100011101111111111011111110101111000111101111111111110110000010111111111110001100110000111111111110001100001111111111110000010000111
000000000000000000000000000000000000000000000000000000000000000000000000000000000000000000000000000000000000000111101100000000000000011001110000000000000000011110111000000000000001001000000000000001110000000000001000000000000000000011000000110000000000000011010111000000000000001100110000000000000011
111111111111111111111111111111111111111111111111111111111111111111111111111111111111111111111111111110010111110000010000110011111010100110001010010011100100000001000010011100010010110100100000001010000111000010010111110001001111101000111111001110011001111000101000101110011110000011000001111101111100
000000000000000000000000000000000000000000000000000000000000000000000000000000000000000000000000000001101000001111101111001100000101011001110101101100011011111110111101100011101101001011011111110101111000000001101000001110110000010111111100110001000000000111011111010001100001111100111110000010000011
111111111111111111111111111111111111111111111111111111111111111111111111111111111111111111111111111110010000110000010000110011111010101111001010010000000100000111000010011100010010110100100000001010000110111100011111110001000000001001000011001110100110001000110110101110011110000011000001111101111101
111111111111111111111111111111111111111111111111111111111111111111111111111111111111111111111111111101100111001111101111001100000101010110110101100011100011111001111101100011101101001011011111110101111001000011100111001110001111100110111111110000011001110111101001010001100001111111111110000000000010
000000000000000000000000000000000000000000000000000000000000000000000000000000000000000000000000000010001000010011110000110000000010111001101010001100011000001110100010011100010010110100100000001010010100000000011000110000110000011001111100001101000000000001011111101110000000000100100000000010011111
111111111111111111111111111111111111111111111111111111111111111111111111111111111111111111111111111101010000101100001111000011111001000110010101010000000101110001011101100000001101001011000000000101101010100000100111001101000000000110011011110010100000001110110100010000011110111011011101111101100000
111111111111111111111111111111111111111111111111111111111111111111111111111111111111111111111111111110100111000011110000001100000100111111101010100011100010001110100010000011100010110100011111110010010001011111011110110010001111100001100110001000000110010001101011101001100001000100100010000000001111
000000000000000000000000000000000000000000000000000000000000000000000000000000000000000000000000000001001000011100011111110000000011001001010101001100011001110111011101111100011101111011100000001101101100000000111001101100110000011111111101110101011001100110011110010110000000111011011100000010010001
111111111111111111111111111111111111111111111111111111111111111111111111111111111111111111111111111110110000100111101000001111111100110110111010110000000110011001110010000011100011001100011111110010110010100001000111010011000000000010011011101010100000001001110101101001111111001111110011111101101110
111111111111111111111111111111111111111111111111111111111111111111111111111111111111111111111111111100001111011011110110110000000011011111100100001111111000101110101100011100010100110010100000001001010101011110111110101000111111111101111110010101000110010011101011010110000000010100101000000010010011
000000000000000000000000000000000000000000000000000000000000000000000000000000000000000000000000000011010000100100001001000011111000101001011011010000000101010111010011100000001011001101000000000110101010000000001001010101000000000011100101101010011001101100011110101000011110101011010101111101101101
111111111111111111111111111111111111111111111111111111111111111111111111111111111111111111111111111100100111011011110110111100000111010110100100100011100010101000101100011111110100110010111111111001010101100011110110101010001111101100111110010100100000010011111101010111100001010100101010000000010010
111111111111111111111111111111111111111111111111111111111111111111111111111111111111111111111111111111001000000100011001000000000000101111011011001100011001010111010011100000001011111101000000000110101000011100011111110100110000010011011011101001000110000100100010101000000000101011010100000010001101
000000000000000000000000000000000000000000000000000000000000000000000000000000000000000000000000000000110000101011100110001111111101010000100100110000000110101001101100000011100100000010011111110001010010000001100001001011000000000100111101010010011001101011011101010001111111010111101011111101100010
111111111111111111111111111111111111111111111111111111111111111111111111111111111111111111111111111111000111010100011001110000000010101111011011000011100001010110010011111100011011111101100000001110101101100010011110110100001111101011100110101100100000010100111110101110000000101000010100000000011101
111111111111111111111111111111111111111111111111111111111111111111111111111111111111111111111111111100011000101011100110000011111001111111101100011100011100101111101100000000000110000110000000000001010010000000101111011001110000010101011011010011000000001011100011110000011110010111101001111111100111
000000000000000000000000000000000000000000000000000000000000000000000000000000000000000000000000000001100000010111111001111100000110010000110001100000000011011001110001111111111001111001111111111100111100011101010001100110000000001010111101100100011111100101011101000111100001101111110110000000010010
111111111111111111111111111111111111111111111111111111111111111111111111111111111111111111111111111110000111001000000110000000000001101111001110000011100000100110001110000000000110000110000000000011000001100010101110011000001111100101100110011000100000010010111110111000000000010000001000000000001101
111111111111111111111111111111111111111111111111111111111111111111111111111111111111111111111111111100111000110111111000111111111110011111110000111100011110011111110000011111110001111000111111111000110110000001011111100011110000011011011011100111000000001001100011000111111111001111110011111111110011
000000000000000000000000000000000000000000000000000000000000000000000000000000000000000000000000000011000000001100001111000000000001100000011111000000000001110000011111100000001111001111000000000111101000000000100000011100000000000110111100111000000000000110011100111000000000111000011100000000001100
111111111111111111111111111111111111111111111111111111111111111111111111111111111111111111111111111100011111100011110000000011111000011111100000011111111100001111100000000000000000110000000000000000010011111110011111100001111111110001111111000011111111111001111111000000011110000111100001111111100011
111111111111111111111111111111111111111111111111111111111111111111111111111111111111111111111111111111100000011111111111111100000111111111111111100000000011111111111111111111111111111111111111111111111100000001111111111110000000001111000011111100000000000111100011111111100001111111111110000000011111
000000000000000000000000000000000000000000000000000000000000000000000000000000000000000000000000000000000000000000000000000000000000000000000000000000000000000000000000000000000000000000000000000000000000000000000000000000000000000000111100000000000000000000011100000000000000000000000000000000000000
111111111111111111111111111111111111111111111111111111111111111111111111111111111111111111111111111111111111111111111111111111111111111111111111111111111111111111111111111111111111111111111111111111111111111111111111111111111111111111111111111111111111111111111111111111111111111111111111111111111111
000000000000000000000000000000000000000000000000000000000000000000000000000000000000000000000000000000000000000000000000000000000000000000000000000000000000000000000000000000000000000000000000000000000000000000000000000000000000000000000000000000000000000000000000000000000000000000000000000000000000
000000000000000000000000000000000000000000000000000000000000000000000000000000000000000000000000000000000000000000000000000000000000000000000000000000000000000000000000000000000000000000000000000000000000000000000000000000000000000000000000000000000000000000000000000000000000000000000000000000000000
000000000000000000000000000000000000000000000000000000000000000000000000000000000000000000000000000000000000000000000000000000000000000000000000000000000000000000000000000000000000000000000000000000000000000000000000000000000000000000000000000000000000000000000000000000000000000000000000000000000000
000000000000000000000000000000000000000000000000000000000000000000000000000000000000000000000000000000000000000000000000000000000000000000000000000000000000000000000000000000000000000000000000000000000000000000000000000000000000000000000000000000000000000000000000000000000000000000000000000000000000
000000000000000000000000000000000000000000000000000000000000000000000000000000000000000000000000000000000000000000000000000000000000000000000000000000000000000000000000000000000000000000000000000000000000000000000000000000000000000000000000000000000000000000000000000000000000000000000000000000000000
000000000000000000000000000000000000000000000000000000000000000000000000000000000000000000000000000000000000000000000000000000000000000000000000000000000000000000000000000000000000000000000000000000000000000000000000000000000000000000000000000000000000000000000000000000000000000000000000000000000000
000000000000000000000000000000000000000000000000000000000000000000000000000000000000000000000000000000000000000000000000000000000000000000000000000000000000000000000000000000000000000000000000000000000000000000000000000000000000000000000000000000000000000000000000000000000000000000000000000000000000
000000000000000000000000000000000000000000000000000000000000000000000000000000000000000000000000000000000000000000000000000000000000000000000000000000000000000000000000000000000000000000000000000000000000000000000000000000000000000000000000000000000000000000000000000000000000000000000000000000000000
000000000000000000000000000000000000000000000000000000000000000000000000000000000000000000000000000000000000000000000000000000000000000000000000000000000000000000000000000000000000000000000000000000000000000000000000000000000000000000000000000000000000000000000000000000000000000000000000000000000000
000000000000000000000000000000000000000000000000000000000000000000000000000000000000000000000000000000000000000000000000000000000000000000000000000000000000000000000000000000000000000000000000000000000000000000000000000000000000000000000000000000000000000000000000000000000000000000000000000000000000
111111111111111111111111111111111111111111111111111111111111111111111111111111111111111111111111111111111111111111111111111111111111111111111111111111111111111111111111111111111111111111111111111111111111111111111111111111111111111111111111111111111111111111111111111111111111111111111111111111111111
000000000000000000000000000000000000000000000000000000000000000000000000000000000000000000000000000000110000000000000000000000000000000000000000000000000000000000000000000000000000000000000000000000001111110000000000000000000000000000000000000011110000000000000000000001110000000000000000000000000000
111111111111111111111111111111111111111111111111111111111111111111111111111111111111111111111111111111001111111110000001111111111111110000011111111111111110000000001111111111111111111111111111111111110000001111110000000111111111111000000000111100001111110000000000011110001111111110000111111111111000
111111111111111111111111111111111111111111111111111111111111111111111111111111111111111111111111111111111100000001111110001110000000001111100001111110000001111111110000111110000000000000000000000000001111111000001110001000111100000111111111000111111100001111100111100111111100000001111000011110000111
000000000000000000000000000000000000000000000000000000000000000000000000000000000000000000000000000000110011111100000000110001111100000000000110000001111100000000000111000001111110000000111111111100001111110111100001110011000011110000000000011011110011100000011000011001110011100000000011100001110000
111111111111111111111111111111111111111111111111111111111111111111111111111111111111111111111111111111001111000011100011011111100011111111111001111111000011110001111001111111000001111111000111100011110111101100011000000101111110001111000001101101101110011100000000100110001100011111111100111111001111
111111111111111111111111111111111111111111111111111111111111111111111111111111111111111111111111111101111000111000011100100000011000000000000110111100111000001110000010011000111000000000011000011000001011011011000110001010111001100000111110010110011001100010000001001011111011100000000001000000100000
000000000000000000000000000000000000000000000000000000000000000000000000000000000000000000000000000010110111000110000001011111100111110000011001000011000110000000001101100111000111111111100111100111111100110100110001110101000110011000000000101011110110010001111110010101110100011110000110111111011000
111111111111111111111111111111111111111111111111111111111111111111111111111111111111111111111111111111001100110001100010101110011000001111100111111110110001110001110010111110110000000000011000011000000111101011001000000010111101100111000001010101101101001100000000101110001111000001111001011110100111
111111111111111111111111111111111111111111111111111111111111111111111111111111111111111111111111111101111011001100011101010001100111000000001010111101101100001110000101011001001111110001101111110110001111011110110110001001111011010000111110101110011010110010000001010011111010111000000010100001010000
000000000000000000000000000000000000000000000000000000000000000000000000000000000000000000000000000010110110110011000010101111011000111111110101000010010011000000011010100110110000001110010011001001111011110101001001110111000110101100000000010011110101001001111110101101110101000111111101011110101111
111111111111111111111111111111111111111111111111111111111111111111111111111111111111111111111111111111001101001100100000010000100100000000000010111101101100110001100101011101001110000000101100110100000100101010100000000000111101010011000001001101101110100100000000010010001010100000000010101101010000
111111111111111111111111111111111111111111111111111111111111111111111111111111111111111111111111111101111010110010011101101111011011110000011101011010010010001110001010100010110001111111010011001011111111110101010110001111011010101000111110110011111001010010000001001111110101011110000101010010101000
000000000000000000000000000000000000000000000000000000000000000000000000000000000000000000000000000010110101001101000010010000100100001111100010100101101101000000010101011101001110000000101100110100001111011010101000000000100101010100000000001110010110101001100110110001111010100001111010101101010111
111111111111111111111111111111111111111111111111111111111111111111111111111111111111111111111111111101001010110000111101101111011011000000001101111110010000111111100010111010110001110001010011001010000011101101010101111011111010100011111111110111111001010100011001001110101101011000000001010010100000
111111111111111111111111111111111111111111111111111111111111111111111111111111111111111111111111111111111101001011000010011110100000111111110011011011101011000000011001100111001000001110001100110001111111110010001010000100011101001100000000001001101110101010000000100111010110100111111100111111001111
000000000000000000000000000000000000000000000000000000000000000000000000000000000000000000000000000010110111110100100001110001111111000000001100100101010100110001100111011101110111110001110111101110001100111101110000000011100110110011000001111111110111010101100110011001111001011000000011101101110000
111111111111111111111111111111111111111111111111111111111111111111111111111111111111111111111111111101001000001010011100001110000000110000010011111110101010001110001000111010001000001110001000010001110111001010000100001100111001001000111110000110011000100000000001000110101110100110000100010010001000
111111111111111111111111111111111111111111111111111111111111111111111111111111111111111111111111111111111111110101000010110001111100001111100100011001010101000000010111000101110110000000110111101100001011110101101011110011011110110100000000011001101111001010011000111011010001000001111011101101110111
000000000000000000000000000000000000000000000000000000000000000000000000000000000000000000000000000000110010001000100001001111000011000000001011100110101000110001100000111010001001110001001011010010001111111110010000000001100011000011000001100111110000110100000000000101111110111000000000010010000000
111111111111111111111111111111111111111111111111111111111111111111111111111111111111111111111111111111001101110110011100111110111100110000010101011011010110001110001111100111110110001110110100101101110100100001100100001110011100111000111110011011111111000001100111011110100101000110000111111111111000
111111111111111111111111111111111111111111111111111111111111111111111111111111111111111111111111111111111110001001000011000001000011001111101010111100101001000000010000011100001001110001001011010010001111011110011011110001111111000100000000100100001100111010011000100011011010111001111000001100000111
000000000000000000000000000000000000000000000000000000000000000000000000000000000000000000000000000000110001110110100000111110111100110000010101100111010110110001101111111011110110001110110100101101111011111001100000000110100000111011000001011111110011000100000000011101111101000110000111110011111000
111111111111111111111111111111111111111111111111111111111111111111111111111111111111111111111111111111001110001001011111000001000011001111101010011000101001001110010000000100001001110001001011010010000111100110011100001001011111000100111110100011111100111001100111100010100010111001111000001100000111
111111111111111111111111111111111111111111111111111111111111111111111111111111111111111111111111111111111111110110100000111111111100110000010111111111110110110001101111111111110110001110111111111101111111111111100011110111111111111011000001011111111111000110011000011111111111000110000111111111111000
000000000000000000000000000000000000000000000000000000000000000000000000000000000000000000000000000000110001100000000000011110110000000000000001100111000000000000000001111011100000000000000100100000001100011000000000000000100000000000000000001100000011000000000000001101011100000000000000110011000000
111111111111111111111111111111111111111111111111111111111111111111111111111111111111111111111111111111001110001001011111000001000011001111101010011000101001001110010000000100001001110001001011010010000111100110011100001001011111000100111110100011111100111001100111100010100010111001111000001100000111
000000000000000000000000000000000000000000000000000000000000000000000000000000000000000000000000000000110001110110100000111110111100110000010101100111010110110001101111111011110110001110110100101101111011111001100000000110100000111011000001011111110011000100000000011101111101000110000111110011111000
111111111111111111111111111111111111111111111111111111111111111111111111111111111111111111111111111111111110001001000011000001000011001111101010111100101001000000010000011100001001110001001011010010001111011110011011110001111111000100000000100100001100111010011000100011011010111001111000001100000111
111111111111111111111111111111111111111111111111111111111111111111111111111111111111111111111111111111001101110110011100111110111100110000010101011011010110001110001111100111110110001110110100101101110100100001100100001110011100111000111110011011111111000001100111011110100101000110000111111111111000
000000000000000000000000000000000000000000000000000000000000000000000000000000000000000000000000000000110010001000100001001111000011000000001011100110101000110001100000111010001001110001001011010010001111111110010000000001100011000011000001100111110000110100000000000101111110111000000000010010000000
111111111111111111111111111111111111111111111111111111111111111111111111111111111111111111111111111111111101110101000010110000111100001111100100011001010101000000010111000101110110000000110100101100001011110001101010000010011100110100000000011001101111001010000000111011010001000001111011101101110111
111111111111111111111111111111111111111111111111111111111111111111111111111111111111111111111111111101001010001010011100001111000000110000010011111110101010001110001000111010001000001110001011010001110111001110000101111101111011001000111110000110011000100000011001000110101110100110000100010010001000
000000000000000000000000000000000000000000000000000000000000000000000000000000000000000000000000000010110111110100100001110001111111000000001100100101010100110001100111011101110111110001110111101110001100111101110000000011100110110011000001111111110111010101100110011001111001011000000011101101110000
111111111111111111111111111111111111111111111111111111111111111111111111111111111111111111111111111111111101001011000010011110100000111111110011011011101011000000011001100111001000001110001100110001111111110010001010000100011101001100000000001001101110101010000000100111010110100111111100111111001111
111111111111111111111111111111111111111111111111111111111111111111111111111111111111111111111111111101001010110000111101101111011011000000001101111110010000111111100010111010110001110001010011001010000011101101010101111011111010100011111111110111111001010100011001001110101101011000000001010010100000
000000000000000000000000000000000000000000000000000000000000000000000000000000000000000000000000000010110101001101000010010000100100001111100010100101101101000000010101011101001110000000101100110100001111011010101000000000100101010100000000001110010110101001100110110001111010100001111010101101010111
111111111111111111111111111111111111111111111111111111111111111111111111111111111111111111111111111101111010110010011101101111011011110000011101011010010010001110001010100010110001111111010011001011111111110101010110001111011010101000111110110011111001010010000001001111110101011110000101010010101000
111111111111111111111111111111111111111111111111111111111111111111111111111111111111111111111111111111001111001100100000010001100100000000000010111101101100110001100101011101001110000000101111110100000100101110100001110001111111010011000001001101101110100100011000010010001010100000000010101101010000
000000000000000000000000000000000000000000000000000000000000000000000000000000000000000000000000000010110100110011000010101110011000111111110101000010010011000000011010100110110000001110010000001001111011110001001000000110000100101100000000010011110101001001100110101101110101000111111101011110101111
111111111111111111111111111111111111111111111111111111111111111111111111111111111111111111111111111101111011001100011101010001100111000000001010111101101100001110000101011001001111110001101111110110001111011110110110001001111011010000111110101110011010110010000001010011111010111000000010100001010000
111111111111111111111111111111111111111111111111111111111111111111111111111111111111111111111111111111001100110001100010101110011000001111100111111110110001110001110010111110110000000000011000011000000111101011001000000010111101100111000001010101101101001100000000101110001111000001111001011110100111
000000000000000000000000000000000000000000000000000000000000000000000000000000000000000000000000000010110111000110000001011111100111110000011001000011000110000000001101100111000111111111100111100111111100110100110001110101000110011000000000101011110110010001111110010101110100011110000110111111011000
111111111111111111111111111111111111111111111111111111111111111111111111111111111111111111111111111101111000111000011100100000011000000000000110111100111000001110000010011000111000000000011000011000001011011011000110001010111001100000111110010110011001100010000001001011111011100000000001000000100000
111111111111111111111111111111111111111111111111111111111111111111111111111111111111111111111111111111001111000011100011011111100011111111111001111111000011110001111001111111000001111111000111100011110111101100011000000101111110001111000001101101101110011100000000100110001100011111111100111111001111
000000000000000000000000000000000000000000000000000000000000000000000000000000000000000000000000000000110001111100000000110000111100000000000110000001111100000000000111000001111110000000111100111100001111110011100000000010000001110000000000011011110011100000000000011001110011100000000011100001110000
111111111111111111111111111111111111111111111111111111111111111111111111111111111111111111111111111111111110000001111110001111000000001111100001111110000001111111110000111110000000000000000011000000001111111100001111111001111110000111111111000111111100001111111111100111111100000001111000011110000111
111111111111111111111111111111111111111111111111111111111111111111111111111111111111111111111111111111001111111110000001111111111111110000011111111111111110000000001111111111111111111111111111111111110000001111110000000111111111111000000000111100001111110000000000011110001111111110000111111111111000
000000000000000000000000000000000000000000000000000000000000000000000000000000000000000000000000000000110000000000000000000000000000000000000000000000000000000000000000000000000000000000000000000000001111110000000000000000000000000000000000000011110000000000000000000001110000000000000000000000000000
111111111111111111111111111111111111111111111111111111111111111111111111111111111111111111111111111111111111111111111111111111111111111111111111111111111111111111111111111111111111111111111111111111111111111111111111111111111111111111111111111111111111111111111111111111111111111111111111111111111111
000000000000000000000000000000000000000000000000000000000000000000000000000000000000000000000000000000000000000000000000000000000000000000000000000000000000000000000000000000000000000000000000000000000000000000000000000000000000000000000000000000000000000000000000000000000000000000000000000000000000
000000000000000000000000000000000000000000000000000000000000000000000000000000000000000000000000000000000000000000000000000000000000000000000000000000000000000000000000000000000000000000000000000000000000000000000000000000000000000000000000000000000000000000000000000000000000000000000000000000000000
000000000000000000000000000000000000000000000000000000000000000000000000000000000000000000000000000000000000000000000000000000000000000000000000000000000000000000000000000000000000000000000000000000000000000000000000000000000000000000000000000000000000000000000000000000000000000000000000000000000000
000000000000000000000000000000000000000000000000000000000000000000000000000000000000000000000000000000000000000000000000000000000000000000000000000000000000000000000000000000000000000000000000000000000000000000000000000000000000000000000000000000000000000000000000000000000000000000000000000000000000
000000000000000000000000000000000000000000000000000000000000000000000000000000000000000000000000000000000000000000000000000000000000000000000000000000000000000000000000000000000000000000000000000000000000000000000000000000000000000000000000000000000000000000000000000000000000000000000000000000000000
000000000000000000000000000000000000000000000000000000000000000000000000000000000000000000000000000000000000000000000000000000000000000000000000000000000000000000000000000000000000000000000000000000000000000000000000000000000000000000000000000000000000000000000000000000000000000000000000000000000000
000000000000000000000000000000000000000000000000000000000000000000000000000000000000000000000000000000000000000000000000000000000000000000000000000000000000000000000000000000000000000000000000000000000000000000000000000000000000000000000000000000000000000000000000000000000000000000000000000000000000
000000000000000000000000000000000000000000000000000000000000000000000000000000000000000000000000000000000000000000000000000000000000000000000000000000000000000000000000000000000000000000000000000000000000000000000000000000000000000000000000000000000000000000000000000000000000000000000000000000000000
000000000000000000000000000000000000000000000000000000000000000000000000000000000000000000000000000000000000000000000000000000000000000000000000000000000000000000000000000000000000000000000000000000000000000000000000000000000000000000000000000000000000000000000000000000000000000000000000000000000000
000000000000000000000000000000000000000000000000000000000000000000000000000000000000000000000000000000000000000000000000000000000000000000000000000000000000000000000000000000000000000000000000000000000000000000000000000000000000000000000000000000000000000000000000000000000000000000000000000000000000
111111111111111111111111111111111111111111111111111111111111111111111111111111111111111111111111111111111111111111111111111111111111111111111111111111111111111111111111111111111111111111111111111111111111111111111111111111111111111111111111111111111111111111111111111111111111111111111111111111111111
000000000000000000000000000000000000000000000000000000000000000000000000000000000000000000000000000000000000000011000000000000000000000000000000000000000000000000000000000000000000000000000000000000000000000000111111000000000000000000000000000000000000001111000000000000000000000111000000000000000000
111111111111111111111111111111111111111111111111111111111111111111111111111111111111111111111111111100000001111100111111111000000111111111111111000001111111111111111000000000111111111111111111111111110000000111000000111111000000011111111111100000000011110000111111000000000001111000111111111000011111
111111111111111111111111111111111111111111111111111111111111111111111111111111111111111111111111111111111110001111110000000111111000111000000000111110000111111000000111111111000011111000000000000000000000011001111111100000111000100011110000011111111100011111110000111110011110011111110000000111100001
000000000000000000000000000000000000000000000000000000000000000000000000000000000000000000000000000000000000110011001111110000000011000111110000000000011000000111110000000000011100000111111000000011111111100010111111011110000111001100001111000000000001101111001110000001100001100111001110000000001110
111111111111111111111111111111111111111111111111111111111111111111111111111111111111111111111111111100001111011100111100001110001101111110001111111111100111111100001111000111100111111100000111111100010000000101011110110001100000010111111000111100000110110110111001110000000010011000110001111111110011
111111111111111111111111111111111111111111111111111111111111111111111111111111111111111111111111111111110000100111100011100001110010000001100000000000011011110011100000111000001001100011100000000001100000001010101101101100011000101011100110000011111001011001100110001000000100101111101110000000000100
000000000000000000000000000000000000000000000000000000000000000000000000000000000000000000000000000000000001011011011100011000000101111110011111000001100100001100011000000000110110011100011111111110010001110101110011010011000111010100011001100000000010101111011001000111111001010111010001111000011011
111111111111111111111111111111111111111111111111111111111111111111111111111111111111111111111111111100001110101100110011000110001010111001100000111110011111111011000111000111001011111011000000000001101110000011011110101100100000001011110110011100000101010110110100110000000010111000111100000111100101
111111111111111111111111111111111111111111111111111111111111111111111111111111111111111111111111111111110001010111101100110001110101000110011100000000101011110110110000111000010101100100111111000110110000001000111101111011011000100111101101000011111010111001101011001000000101001111101011100000001010
000000000000000000000000000000000000000000000000000000000000000000000000000000000000000000000000000000000010101011011011001100001010111101100011111111010100001001001100000001101010011011000000111001000001110111101111010100100111011100011010110000000001001111010100100111111010110111010100011111110101
111111111111111111111111111111111111111111111111111111111111111111111111111111111111111111111111111100001100011100110100110010000001000010010000000000001011110110110011000110010101110100111000000010111110000000010010101010000000000011110101001100000100110110111010010000000001001000101010000000001010
111111111111111111111111111111111111111111111111111111111111111111111111111111111111111111111111111111110001100111101011001001110110111101101111000001110101101001001000111000101010001011000111111101000000001111111111010101011000111101101010100011111011001111100101001000000100111111010101111000010101
000000000000000000000000000000000000000000000000000000000000000000000000000000000000000000000000000000000010011011010100110100001001000010010000111110001010010110110100000001010101110100111000000010110000010000111101101010100000000010010101010000000000111001011010100110011011000111101010000111101010
111111111111111111111111111111111111111111111111111111111111111111111111111111111111111111111111111101111101100100101011000011110110111101101100000000110111111001000011111110001011101011000111000101000001101011001110110101010111101111101010001111111111011111100101010001100100111010110101100000000101
111111111111111111111111111111111111111111111111111111111111111111111111111111111111111111111111111110000010011111110100101100001001111010000011111111001101101110101100000001100110011100100000111000111110000101111111001000101000010001110100110000000000100110111010101000000010011101011010011111110011
000000000000000000000000000000000000000000000000000000000000000000000000000000000000000000000000000000001101111011011111010010000111000111111100000000110010010101010011000110011101110111011111000111010000010010110011110111000000001110011011001100000111111111011101010110011001100111100101100000001110
111111111111111111111111111111111111111111111111111111111111111111111111111111111111111111111111111101110000000100100000101001110000111000000011000001001111111010101000111000100011101000100000111000100000001101011100101000010000110011100100100011111000011001100010000000000100011010111010011000010001
111111111111111111111111111111111111111111111111111111111111111111111111111111111111111111111111111110000010111111111111010100001011000111110000111110010001100101010100000001011100010111011000000011010001100010101111010110101111001101111011010000000001100110111100101001100011101101000100000111101110
000000000000000000000000000000000000000000000000000000000000000000000000000000000000000000000000000000001101000011001000100010000100111100001100000000101110011010100011000110000011101000100111000100101110000001111111111001000000000110001100001100000110011111000011010000000000010111111011100000000001
111111111111111111111111111111111111111111111111111111111111111111111111111111111111111111111111111101110000111100110111011001110011111011110011000001010101101101011000111000111110011111011000111011010000011111010010000110010000111001110011100011111001101111111100000110011101111010010100011000011111
111111111111111111111111111111111111111111111111111111111111111111111111111111111111111111111111111110000011001111111000100100001100000100001100111110101011110010100100000001000001110000100111000100100001100000111101111001101111000111111100010000000010010000110011101001100010001101101011100111100000
000000000000000000000000000000000000000000000000000000000000000000000000000000000000000000000000000000001100110011000111011010000011111011110011000001010110011101011011000110111111101111011000111011010000000111101111100110000000011010000011101100000101111111001100010000000001110111110100011000011111
111111111111111111111111111111111111111111111111111111111111111111111111111111111111111111111111111101110011001100111000100101111100000100001100111110101001100010100100111001000000010000100111000100101110011000011110011001110000100101111100010011111010001111110011100110011110001010001011100111100000
111111111111111111111111111111111111111111111111111111111111111111111111111111111111111111111111111110001100111111111111011010000011111111110011000001011111111111011011000110111111111111011000111011110001100111111111111110001111011111111111101100000101111111111100011001100001111111111100011000011111
000000000000000000000000000000000000000000000000000000000000000000000000000000000000000000000000000000000000010011000110000000000001111011000000000000000110011100000000000000000111101110000000000000010000000001110001100000000000000010000000000000000000110000001100000000000000110101110000000000000011
111111111111111111111111111111111111111111111111111111111111111111111111111111111111111111111111111101110011001100111000100101111100000100001100111110101001100010100100111001000000010000100111000100101110011000011110011001110000100101111100010011111010001111110011100110011110001010001011100111100000
000000000000000000000000000000000000000000000000000000000000000000000000000000000000000000000000000000001100110011000111011010000011111011110011000001010110011101011011000110111111101111011000111011010000000111101111100110000000011010000011101100000101111111001100010000000001110111110100011000011111
111111111111111111111111111111111111111111111111111111111111111111111111111111111111111111111111111110000011001111111000100100001100000100001100111110101011110010100100000001000001110000100111000100100001100000111101111001101111000111111100010000000010010000110011101001100010001101101011100111100000
111111111111111111111111111111111111111111111111111111111111111111111111111111111111111111111111111101110000111100110111011001110011111011110011000001010101101101011000111000111110011111011000111011010000011111010010000110010000111001110011100011111001101111111100000110011101111010010100011000011111
000000000000000000000000000000000000000000000000000000000000000000000000000000000000000000000000000000001101000011001000100010000100111100001100000000101110011010100011000110000011101000100111000100101110000001111111111001000000000110001100001100000110011111000011010000000000010111111011100000000001
111111111111111111111111111111111111111111111111111111111111111111111111111111111111111111111111111110000010111111110111010100001011000011110000111110010001100101010100000001011100010111011000000011010000000010101111000110101000001001110011010000000001100110111100101000000011101101000100000111101110
111111111111111111111111111111111111111111111111111111111111111111111111111111111111111111111111111101110000000100101000101001110000111100000011000001001111111010101000111000100011101000100000111000100001101101011100111000010111110111101100100011111000011001100010000001100100011010111010011000010001
000000000000000000000000000000000000000000000000000000000000000000000000000000000000000000000000000000001101111011011111010010000111000111111100000000110010010101010011000110011101110111011111000111010000010010110011110111000000001110011011001100000111111111011101010110011001100111100101100000001110
111111111111111111111111111111111111111111111111111111111111111111111111111111111111111111111111111110000010011111110100101100001001111010000011111111001101101110101100000001100110011100100000111000111110000101111111001000101000010001110100110000000000100110111010101000000010011101011010011111110011
111111111111111111111111111111111111111111111111111111111111111111111111111111111111111111111111111101111101100100101011000011110110111101101100000000110111111001000011111110001011101011000111000101000001101011001110110101010111101111101010001111111111011111100101010001100100111010110101100000000101
000000000000000000000000000000000000000000000000000000000000000000000000000000000000000000000000000000000010011011010100110100001001000010010000111110001010010110110100000001010101110100111000000010110000010000111101101010100000000010010101010000000000111001011010100110011011000111101010000111101010
111111111111111111111111111111111111111111111111111111111111111111111111111111111111111111111111111111110001100111101011001001110110111101101111000001110101101001001000111000101010001011000111111101000000001111111111010101011000111101101010100011111011001111100101001000000100111111010101111000010101
111111111111111111111111111111111111111111111111111111111111111111111111111111111111111111111111111100001100011100111100110010000001000110010000000000001011110110110011000110010101110100111000000010111111100000010010111010000111000111111101001100000100110110111010010001100001001000101010000000001010
000000000000000000000000000000000000000000000000000000000000000000000000000000000000000000000000000000000010101011010011001100001010111001100011111111010100001001001100000001101010011011000000111001000000010111101111000100100000011000010010110000000001001111010100100110011010110111010100011111110101
111111111111111111111111111111111111111111111111111111111111111111111111111111111111111111111111111111110001010111101100110001110101000110011100000000101011110110110000111000010101100100111111000110110000001000111101111011011000100111101101000011111010111001101011001000000101001111101011100000001010
111111111111111111111111111111111111111111111111111111111111111111111111111111111111111111111111111100001110101100110011000110001010111001100000111110011111111011000111000111001011111011000000000001101110000011011110101100100000001011110110011100000101010110110100110000000010111000111100000111100101
000000000000000000000000000000000000000000000000000000000000000000000000000000000000000000000000000000000001011011011100011000000101111110011111000001100100001100011000000000110110011100011111111110010001110101110011010011000111010100011001100000000010101111011001000111111001010111010001111000011011
111111111111111111111111111111111111111111111111111111111111111111111111111111111111111111111111111111110000100111100011100001110010000001100000000000011011110011100000111000001001100011100000000001100000001010101101101100011000101011100110000011111001011001100110001000000100101111101110000000000100
111111111111111111111111111111111111111111111111111111111111111111111111111111111111111111111111111100001111011100111100001110001101111110001111111111100111111100001111000111100111111100000111111100010000000101011110110001100000010111111000111100000110110110111001110000000010011000110001111111110011
000000000000000000000000000000000000000000000000000000000000000000000000000000000000000000000000000000000000110011000111110000000011000011110000000000011000000111110000000000011100000111111000000011111110000010111111001110000000001000000111000000000001101111001110000000000001100111001110000000001110
111111111111111111111111111111111111111111111111111111111111111111111111111111111111111111111111111111111110001111111000000111111000111100000000111110000111111000000111111111000011111000000000000000000001111001111111110000111111100111111000011111111100011111110000111111111110011111110000000111100001
111111111111111111111111111111111111111111111111111111111111111111111111111111111111111111111111111100000001111100111111111000000111111111111111000001111111111111111000000000111111111111111111111111110000000111000000111111000000011111111111100000000011110000111111000000000001111000111111111000011111
000000000000000000000000000000000000000000000000000000000000000000000000000000000000000000000000000000000000000011000000000000000000000000000000000000000000000000000000000000000000000000000000000000000000000000111111000000000000000000000000000000000000001111000000000000000000000111000000000000000000
111111111111111111111111111111111111111111111111111111111111111111111111111111111111111111111111111111111111111111111111111111111111111111111111111111111111111111111111111111111111111111111111111111111111111111111111111111111111111111111111111111111111111111111111111111111111111111111111111111111111
000000000000000000000000000000000000000000000000000000000000000000000000000000000000000000000000000000000000000000000000000000000000000000000000000000000000000000000000000000000000000000000000000000000000000000000000000000000000000000000000000000000000000000000000000000000000000000000000000000000000
000000000000000000000000000000000000000000000000000000000000000000000000000000000000000000000000000000000000000000000000000000000000000000000000000000000000000000000000000000000000000000000000000000000000000000000000000000000000000000000000000000000000000000000000000000000000000000000000000000000000
000000000000000000000000000000000000000000000000000000000000000000000000000000000000000000000000000000000000000000000000000000000000000000000000000000000000000000000000000000000000000000000000000000000000000000000000000000000000000000000000000000000000000000000000000000000000000000000000000000000000
000000000000000000000000000000000000000000000000000000000000000000000000000000000000000000000000000000000000000000000000000000000000000000000000000000000000000000000000000000000000000000000000000000000000000000000000000000000000000000000000000000000000000000000000000000000000000000000000000000000000
000000000000000000000000000000000000000000000000000000000000000000000000000000000000000000000000000000000000000000000000000000000000000000000000000000000000000000000000000000000000000000000000000000000000000000000000000000000000000000000000000000000000000000000000000000000000000000000000000000000000
000000000000000000000000000000000000000000000000000000000000000000000000000000000000000000000000000000000000000000000000000000000000000000000000000000000000000000000000000000000000000000000000000000000000000000000000000000000000000000000000000000000000000000000000000000000000000000000000000000000000
000000000000000000000000000000000000000000000000000000000000000000000000000000000000000000000000000000000000000000000000000000000000000000000000000000000000000000000000000000000000000000000000000000000000000000000000000000000000000000000000000000000000000000000000000000000000000000000000000000000000
000000000000000000000000000000000000000000000000000000000000000000000000000000000000000000000000000000000000000000000000000000000000000000000000000000000000000000000000000000000000000000000000000000000000000000000000000000000000000000000000000000000000000000000000000000000000000000000000000000000000
000000000000000000000000000000000000000000000000000000000000000000000000000000000000000000000000000000000000000000000000000000000000000000000000000000000000000000000000000000000000000000000000000000000000000000000000000000000000000000000000000000000000000000000000000000000000000000000000000000000000
000000000000000000000000000000000000000000000000000000000000000000000000000000000000000000000000000000000000000000000000000000000000000000000000000000000000000000000000000000000000000000000000000000000000000000000000000000000000000000000000000000000000000000000000000000000000000000000000000000000000
111111111111111111111111111111111111111111111111111111111111111111111111111111111111111111111111111111111111111111111111111111111111111111111111111111111111111111111111111111111111111111111111111111111111111111111111111111111111111111111111111111111111111111111111111111111111111111111111111111111111
000000000000000000000000000000000000000000000000000000000000000000000000000000000000000000000000000000000000000000000000001100000000000000000000000000000000000000000000000000000000000000000000000000000000000000000000000011111100000000000000000000000000000000000000111100000000000000000000011100000000
111111111111111111111111111111111111111111111111111111111111111111111111111111111111111111111111111111111000000000000111110011111111100000011111111111111100000111111111111111100000000011111111111111111111100000000000011100000011111100000001111111111110000000001111000011111100000000000111100011111111
111111111111111111111111111111111111111111111111111111111111111111111111111111111111111111111111111100000111111111111000111111000000011111100011100000000011111000011111100000011111111100001111100000001000011000000001100111111110000011100010001111000001111111110001111111000011111001111001111111000000
000000000000000000000000000000000000000000000000000000000000000000000000000000000000000000000000000011110000000000000011001100111111000000001100011111000000000001100000011111000000000001110000011111100111000111111110001011111101111000011100110000111100000000000110111100111000000110000110011100111000
111111111111111111111111111111111111111111111111111111111111111111111111111111111111111111111111111110001110000000111101110011110000111000110111111000111111111110011111110000111100011110011111110000011100110000000000010101111011000110000001011111100011110000011011011011100111000000001001100011000111
111111111111111111111111111111111111111111111111111111111111111111111111111111111111111111111111111101100001111111000010011110001110000111001000000110000000000001101111001110000011100000100110001110000010001000000000101010110110110001100010101110011000001111100101100110011000100000010010111110111000
000000000000000000000000000000000000000000000000000000000000000000000000000000000000000000000000000010011000000000000101101101110001100000010111111001111100000110010000110001100000000011011001110001111101100100000111010111001101001100011101010001100110000000001010111101100100011111100101011101000111
111111111111111111111111111111111111111111111111111111111111111111111111111111111111111111111111111101100110000000111010110011001100011000101011100110000011111001111111101100011100011100101111101100001010010011111000001101111010110010000000101111011001110000010101011011010011000000001011100011110000
111111111111111111111111111111111111111111111111111111111111111111111111111111111111111111111111111110011001111111000101011110110011000111010100011001110000000010101111011011000011100001010110010011110101001000000000100011110111101101100010011110110100001111101011100110101100100000010100111110101110
000000000000000000000000000000000000000000000000000000000000000000000000000000000000000000000000000001100100000000001010101101101100110000101011110110001111111101010000100100110000000110101001101100001010100100000111011110111101010010011101110001101011000000000100111101010010011111101011011101010001
111111111111111111111111111111111111111111111111111111111111111111111111111111111111111111111111111110010010000000110001110011010011001000000100001001000000000000101111011011001100011001010111010011100101010011111000000001001010101000000000001111010100110000010011011011101001000000000100100010101000
111111111111111111111111111111111111111111111111111111111111111111111111111111111111111111111111111101101001111111000110011110101100100111011011110110111100000111010110100100100011100010101000101100011010101000000000111111111101010101100011110110101010001111101100111110010100100000010011111101010111
000000000000000000000000000000000000000000000000000000000000000000000000000000000000000000000000000010010100000000001001101101010011010000100100001001000011111000101001011011010000000101010111010011100101000000000001000011110110101010000000001001010101000000000011100101101010011001101100011110101000
111111111111111111111111111111111111111111111111111111111111111111111111111111111111111111111111111101101011000111110110010010101100001111011011110110110000000011011111100100001111111000101110101100011010010100000110101100111011010101011110111110101000111111111101111110010101000110010011101011010110
111111111111111111111111111111111111111111111111111111111111111111111111111111111111111111111111111110000100111000001001111111010010110000100111101000001111111100110110111010110000000110011001110010001100101011111000010111111100100010100001000111010011000000000010011011101010100000001001110101101001
000000000000000000000000000000000000000000000000000000000000000000000000000000000000000000000000000011111010000000110111101101111101001000011100011111110000000011001001010101001100011001110111011101110111010000000001001011001111011100000000111001101100110000011111111101110101011001100110011110010110
111111111111111111111111111111111111111111111111111111111111111111111111111111111111111111111111111100000001000111000000010010000010100111000011100000001100000100111111101010100011100010001110100010001000100000000000110101110010100001000011001110010010001111100001100110001000000000010001101011101001
111111111111111111111111111111111111111111111111111111111111111111111111111111111111111111111111111111110100111000001011111111111101010000101100011111000011111001000110010101010000000101110001011101100111001100000110001010111101011010111100110111101101000000000110011011110010100110001110110100010000
000000000000000000000000000000000000000000000000000000000000000000000000000000000000000000000000000000001010000000110100001100100010001000010011110000110000000010111001101010001100011000001110100010011000010011111000000111111111100100000000011000110000110000011001111100001101000000000001011111101110
111111111111111111111111111111111111111111111111111111111111111111111111111111111111111111111111111111110001000111000011110011011101100111001111101111001100000101010110110101100011100011111001111101101111100000000001111101001000011001000011100111001110001111100110111111110000011001110111101001010001
111111111111111111111111111111111111111111111111111111111111111111111111111111111111111111111111111100001100111000001100111111100010010000110000010000110011111010101111001010010000000100000111000010010000001100000110000011110111100110111100011111110001000000001001000011001110100110001000110110101110
000000000000000000000000000000000000000000000000000000000000000000000000000000000000000000000000000011110010000000110011001100011101101000001111101111001100000101011001110101101100011011111110111101101111110000000000011110111110011000000001101000001110110000010111111100110001000000000111011111010001
111111111111111111111111111111111111111111111111111111111111111111111111111111111111111111111111111100001101000111001100110011100010010111110000010000110011111010100110001010010011100100000001000010010000000011111001100001111001100111000010010111110001001111101000111111001110011001111000101000101110
111111111111111111111111111111111111111111111111111111111111111111111111111111111111111111111111111111110010111000110011111111111101101000001111111111001100000101111111111101101100011011111111111101101111111100000110011111111111111000111101111111111110110000010111111111110001100110000111111111110001
000000000000000000000000000000000000000000000000000000000000000000000000000000000000000000000000000011000000000000000001001100011000000000000111101100000000000000011001110000000000000000011110111000001110000000000000000111000110000000000000001000000000000000000011000000110000000000000011010111000000
111111111111111111111111111111111111111111111111111111111111111111111111111111111111111111111111111100001101000111001100110011100010010111110000010000110011111010100110001010010011100100000001000010010000000011111001100001111001100111000010010111110001001111101000111111001110011001111000101000101110
000000000000000000000000000000000000000000000000000000000000000000000000000000000000000000000000000011110010000000110011001100011101101000001111101111001100000101011001110101101100011011111110111101101111110000000000011110111110011000000001101000001110110000010111111100110001000000000111011111010001
111111111111111111111111111111111111111111111111111111111111111111111111111111111111111111111111111100001100111000001100111111100010010000110000010000110011111010101111001010010000000100000111000010010000001100000110000011110111100110111100011111110001000000001001000011001110100110001000110110101110
111111111111111111111111111111111111111111111111111111111111111111111111111111111111111111111111111111110001000111000011110011011101100111001111101111001100000101010110110101100011100011111001111101101111100000000001111101001000011001000011100111001110001111100110111111110000011001110111101001010001
000000000000000000000000000000000000000000000000000000000000000000000000000000000000000000000000000000001010000000110100001100100010001000010011110000110000000010111001101010001100011000001110100010011000010011111000000111111111100100000000011000110000110000011001111100001101000000000001011111101110
111111111111111111111111111111111111111111111111111111111111111111111111111111111111111111111111111111110100111000001011111111011101010000101100001111000011111001000110010101010000000101110001011101100111001000000000001010111100011010100000100111001101000000000110011011110010100000001110110100010000
111111111111111111111111111111111111111111111111111111111111111111111111111111111111111111111111111100000001000111000000010010100010100111000011110000001100000100111111101010100011100010001110100010001000100100000110110101110011100001011111011110110010001111100001100110001000000110010001101011101001
000000000000000000000000000000000000000000000000000000000000000000000000000000000000000000000000000011111010000000110111101101111101001000011100011111110000000011001001010101001100011001110111011101110111010000000001001011001111011100000000111001101100110000011111111101110101011001100110011110010110
111111111111111111111111111111111111111111111111111111111111111111111111111111111111111111111111111110000100111000001001111111010010110000100111101000001111111100110110111010110000000110011001110010001100101011111000010111111100100010100001000111010011000000000010011011101010100000001001110101101001
111111111111111111111111111111111111111111111111111111111111111111111111111111111111111111111111111101101011000111110110010010101100001111011011110110110000000011011111100100001111111000101110101100011010010100000110101100111011010101011110111110101000111111111101111110010101000110010011101011010110
000000000000000000000000000000000000000000000000000000000000000000000000000000000000000000000000000010010100000000001001101101010011010000100100001001000011111000101001011011010000000101010111010011100101000000000001000011110110101010000000001001010101000000000011100101101010011001101100011110101000
111111111111111111111111111111111111111111111111111111111111111111111111111111111111111111111111111101101001111111000110011110101100100111011011110110111100000111010110100100100011100010101000101100011010101000000000111111111101010101100011110110101010001111101100111110010100100000010011111101010111
111111111111111111111111111111111111111111111111111111111111111111111111111111111111111111111111111110010010000000110001110011110011001000000100011001000000000000101111011011001100011001010111010011100101010111111110000001001011101000011100011111110100110000010011011011101001000110000100100010101000
000000000000000000000000000000000000000000000000000000000000000000000000000000000000000000000000000001100100000000001010101101001100110000101011100110001111111101010000100100110000000110101001101100001010100000000001011110111100010010000001100001001011000000000100111101010010011001101011011101010001
111111111111111111111111111111111111111111111111111111111111111111111111111111111111111111111111111110011001111111000101011110110011000111010100011001110000000010101111011011000011100001010110010011110101001000000000100011110111101101100010011110110100001111101011100110101100100000010100111110101110
111111111111111111111111111111111111111111111111111111111111111111111111111111111111111111111111111101100110000000111010110011001100011000101011100110000011111001111111101100011100011100101111101100001010010011111000001101111010110010000000101111011001110000010101011011010011000000001011100011110000
000000000000000000000000000000000000000000000000000000000000000000000000000000000000000000000000000010011000000000000101101101110001100000010111111001111100000110010000110001100000000011011001110001111101100100000111010111001101001100011101010001100110000000001010111101100100011111100101011101000111
111111111111111111111111111111111111111111111111111111111111111111111111111111111111111111111111111101100001111111000010011110001110000111001000000110000000000001101111001110000011100000100110001110000010001000000000101010110110110001100010101110011000001111100101100110011000100000010010111110111000
111111111111111111111111111111111111111111111111111111111111111111111111111111111111111111111111111110001110000000111101110011110000111000110111111000111111111110011111110000111100011110011111110000011100110000000000010101111011000110000001011111100011110000011011011011100111000000001001100011000111
000000000000000000000000000000000000000000000000000000000000000000000000000000000000000000000000000011110000000000000011001100011111000000001100001111000000000001100000011111000000000001110000011111100111000011111000001011111100111000000000100000011100000000000110111100111000000000000110011100111000
111111111111111111111111111111111111111111111111111111111111111111111111111111111111111111111111111100000111111111111000111111100000011111100011110000000011111000011111100000011111111100001111100000001000011100000111100111111111000011111110011111100001111111110001111111000011111111111001111111000000
111111111111111111111111111111111111111111111111111111111111111111111111111111111111111111111111111111111000000000000111110011111111100000011111111111111100000111111111111111100000000011111111111111111111100000000000011100000011111100000001111111111110000000001111000011111100000000000111100011111111
000000000000000000000000000000000000000000000000000000000000000000000000000000000000000000000000000000000000000000000000001100000000000000000000000000000000000000000000000000000000000000000000000000000000000000000000000011111100000000000000000000000000000000000000111100000000000000000000011100000000
111111111111111111111111111111111111111111111111111111111111111111111111111111111111111111111111111111111111111111111111111111111111111111111111111111111111111111111111111111111111111111111111111111111111111111111111111111111111111111111111111111111111111111111111111111111111111111111111111111111111
000000000000000000000000000000000000000000000000000000000000000000000000000000000000000000000000000000000000000000000000000000000000000000000000000000000000000000000000000000000000000000000000000000000000000000000000000000000000000000000000000000000000000000000000000000000000000000000000000000000000
000000000000000000000000000000000000000000000000000000000000000000000000000000000000000000000000000000000000000000000000000000000000000000000000000000000000000000000000000000000000000000000000000000000000000000000000000000000000000000000000000000000000000000000000000000000000000000000000000000000000
000000000000000000000000000000000000000000000000000000000000000000000000000000000000000000000000000000000000000000000000000000000000000000000000000000000000000000000000000000000000000000000000000000000000000000000000000000000000000000000000000000000000000000000000000000000000000000000000000000000000
000000000000000000000000000000000000000000000000000000000000000000000000000000000000000000000000000000000000000000000000000000000000000000000000000000000000000000000000000000000000000000000000000000000000000000000000000000000000000000000000000000000000000000000000000000000000000000000000000000000000
000000000000000000000000000000000000000000000000000000000000000000000000000000000000000000000000000000000000000000000000000000000000000000000000000000000000000000000000000000000000000000000000000000000000000000000000000000000000000000000000000000000000000000000000000000000000000000000000000000000000
000000000000000000000000000000000000000000000000000000000000000000000000000000000000000000000000000000000000000000000000000000000000000000000000000000000000000000000000000000000000000000000000000000000000000000000000000000000000000000000000000000000000000000000000000000000000000000000000000000000000
000000000000000000000000000000000000000000000000000000000000000000000000000000000000000000000000000000000000000000000000000000000000000000000000000000000000000000000000000000000000000000000000000000000000000000000000000000000000000000000000000000000000000000000000000000000000000000000000000000000000
000000000000000000000000000000000000000000000000000000000000000000000000000000000000000000000000000000000000000000000000000000000000000000000000000000000000000000000000000000000000000000000000000000000000000000000000000000000000000000000000000000000000000000000000000000000000000000000000000000000000
000000000000000000000000000000000000000000000000000000000000000000000000000000000000000000000000000000000000000000000000000000000000000000000000000000000000000000000000000000000000000000000000000000000000000000000000000000000000000000000000000000000000000000000000000000000000000000000000000000000000
000000000000000000000000000000000000000000000000000000000000000000000000000000000000000000000000000000000000000000000000000000000000000000000000000000000000000000000000000000000000000000000000000000000000000000000000000000000000000000000000000000000000000000000000000000000000000000000000000000000000
111111111111111111111111111111111111111111111111111111111111111111111111111111111111111111111111111111111111111111111111111111111111111111111111111111111111111111111111111111111111111111111111111111111111111111111111111111111111111111111111111111111111111111111111111111111111111111111111111111111111
000000000000000000000000000000000000000000000000000000000000000000000000000000000000000000000000000000000000000000000000000000000000110000000000000000000000000000000000000000000000000000000000000000000000001110000000000000000000001111110000000000000000000000000000000000000011110000000000000000000001
111111111111111111111111111111111111111111111111111111111111111111111111111111111111111111111111111100111111111111100000000000011111001111111110000001111111111111110000011111111111111110000000001111110001110001111110000000000001110000001111110000000111111111111000000000111100001111110000000000011110
111111111111111111111111111111111111111111111111111111111111111111111111111111111111111111111111111111000111110000011111111111100011111100000001111110001110000000001111100001111110000001111111110000111110011111100001100000000110011111111000001110001000111100000111111111000111111100001111100111100111
000000000000000000000000000000000000000000000000000000000000000000000000000000000000000000000000000000011000001111000000000000001100110011111100000000110001111100000000000110000001111100000000000111000001101110011100011111111000101111110111100001110011000011110000000000011011110011100000011000011001
111111111111111111111111111111111111111111111111111111111111111111111111111111111111111111111111111111100111111000111000000011110111001111000011100011011111100011111111111001111111000011110001111001110010110001110011000000000001010111101100011000000101111110001111000001101101101110011100000000100110
111111111111111111111111111111111111111111111111111111111111111111111111111111111111111111111111111100011001000110000111111100001001111000111000011100100000011000000000000110111100111000001110000010010101011111001000100000000010101011011011000110001010111001100000111110010110011001100010000001001011
000000000000000000000000000000000000000000000000000000000000000000000000000000000000000000000000000000100110111001100000000000010110110111000110000001011111100111110000011001000011000110000000001101101000101110110110010000011101011100110100110001110101000110011000000000101011110110010001111110010101
111111111111111111111111111111111111111111111111111111111111111111111111111111111111111111111111111111001111110110011000000011101011001100110001100010101110011000001111100111111110110001110001110010110010010001101001001111100000110111101011001000000010111101100111000001010101101101001100000000101110
111111111111111111111111111111111111111111111111111111111111111111111111111111111111111111111111111100111001001001100111111100010101111011001100011101010001100111000000001010111101101100001110000101010101111111010100100000000010001111011110110110001001111011010000111110101110011010110010000001010011
000000000000000000000000000000000000000000000000000000000000000000000000000000000000000000000000000001000110110110010000000000101010110110110011000010101111011000111111110101000010010011000000011010101010001110101010010000011101111011110101001001110111000110101100000000010011110101001001111110101101
111111111111111111111111111111111111111111111111111111111111111111111111111111111111111111111111111110011011101001001000000011000111001101001100100000010000100100000000000010111101101100110001100101010001110001010101001111100000000100101010100000000000111101010011000001001101101110100100000000010010
111111111111111111111111111111111111111111111111111111111111111111111111111111111111111111111111111100100100010110100111111100011001111010110010011101101111011011110000011101011010010010001110001010100100001110101010100000000011111111110101010110001111011010101000111110110011111001010010000001001111
000000000000000000000000000000000000000000000000000000000000000000000000000000000000000000000000000001011011101001010000000000100110110101001101000010010000100100001111100010100101101101000000010101011011111111010100000000000100001111011010101000000000100101010100000000001110010110101001100110110001
111111111111111111111111111111111111111111111111111111111111111111111111111111111111111111111111111110100101010110101100011111011001001010110000111101101111011011000000001101111110010000111111100010110000010101101001010000011010110011101101010101111011111010100011111111110111111001010100011001001110
111111111111111111111111111111111111111111111111111111111111111111111111111111111111111111111111111101011110111000010011100000100111111101001011000010011110100000111111110011011011101011000000011001100111101010110010101111100001011111110010001010000100011101001100000000001001101110101010000000100111
000000000000000000000000000000000000000000000000000000000000000000000000000000000000000000000000000010100011101111101000000011011110110111110100100001110001111111000000001100100101010100110001100111011000111111011101000000000100101100111101110000000011100110110011000001111111110111010101100110011001
111111111111111111111111111111111111111111111111111111111111111111111111111111111111111111111111111100011101010000000100011100000001001000001010011100001110000000110000010011111110101010001110001000110001010101100010000000000011010111001010000100001100111001001000111110000110011000100000000001000110
111111111111111111111111111111111111111111111111111111111111111111111111111111111111111111111111111101000010101111010011100000101111111111110101000010110001111100001111100100011001010101000000010111000110101010011100110000011000101011110101101011110011011110110100000000011001101111001010011000111011
000000000000000000000000000000000000000000000000000000000000000000000000000000000000000000000000000010111101010000101000000011010000110010001000100001001111000011000000001011100110101000110001100000110001011111100001001111100000011111111110010000000001100011000011000001100111110000110100000000000101
111111111111111111111111111111111111111111111111111111111111111111111111111111111111111111111111111100000110111111000100011100001111001101110110011100111110111100110000010101011011010110001110001111101000100100111110000000000111110100100001100100001110011100111000111110011011111111000001100111011110
111111111111111111111111111111111111111111111111111111111111111111111111111111111111111111111111111101111011100000110011100000110011111110001001000011000001000011001111101010111100101001000000010000010111011011000000110000011000001111011110011011110001111111000100000000100100001100111010011000100011
000000000000000000000000000000000000000000000000000000000000000000000000000000000000000000000000000010000101011111001000000011001100110001110110100000111110111100110000010101100111010110110001101111110000111111111111000000000001111011111001100000000110100000111011000001011111110011000100000000011101
111111111111111111111111111111111111111111111111111111111111111111111111111111111111111111111111111101111010100000110100011100110011001110001001011111000001000011001111101010011000101001001110010000001011000100000000001111100110000111100110011100001001011111000100111110100011111100111001100111100010
111111111111111111111111111111111111111111111111111111111111111111111111111111111111111111111111111110001111111111001011100011001111111111110110100000111111111100110000010111111111110110110001101111110100111111111111110000011001111111111111100011110111111111111011000001011111111111000110011000011111
000000000000000000000000000000000000000000000000000000000000000000000000000000000000000000000000000000000101011100000000000000000100110001100000000000011110110000000000000001100111000000000000000001110000111011111000000000000000011100011000000000000000100000000000000000001100000011000000000000001101
111111111111111111111111111111111111111111111111111111111111111111111111111111111111111111111111111101111010100000110100011100110011001110001001011111000001000011001111101010011000101001001110010000001011000100000000001111100110000111100110011100001001011111000100111110100011111100111001100111100010
000000000000000000000000000000000000000000000000000000000000000000000000000000000000000000000000000010000101011111001000000011001100110001110110100000111110111100110000010101100111010110110001101111110000111111111111000000000001111011111001100000000110100000111011000001011111110011000100000000011101
111111111111111111111111111111111111111111111111111111111111111111111111111111111111111111111111111101111011100000110011100000110011111110001001000011000001000011001111101010111100101001000000010000010111011011000000110000011000001111011110011011110001111111000100000000100100001100111010011000100011
111111111111111111111111111111111111111111111111111111111111111111111111111111111111111111111111111100000110111111000100011100001111001101110110011100111110111100110000010101011011010110001110001111101000100100111110000000000111110100100001100100001110011100111000111110011011111111000001100111011110
000000000000000000000000000000000000000000000000000000000000000000000000000000000000000000000000000010111101010000101000000011010000110010001000100001001111000011000000001011100110101000110001100000110001011111100001001111100000011111111110010000000001100011000011000001100111110000110100000000000101
111111111111111111111111111111111111111111111111111111111111111111111111111111111111111111111111111101000010101111010011100000101111111101110101000010110000111100001111100100011001010101000000010111000110101010011100100000000000101011110001101010000010011100110100000000011001101111001010000000111011
111111111111111111111111111111111111111111111111111111111111111111111111111111111111111111111111111100011101010000000100011100000001001010001010011100001111000000110000010011111110101010001110001000110001010101100010010000011011010111001110000101111101111011001000111110000110011000100000011001000110
000000000000000000000000000000000000000000000000000000000000000000000000000000000000000000000000000010100011101111101000000011011110110111110100100001110001111111000000001100100101010100110001100111011000111111011101000000000100101100111101110000000011100110110011000001111111110111010101100110011001
111111111111111111111111111111111111111111111111111111111111111111111111111111111111111111111111111101011110111000010011100000100111111101001011000010011110100000111111110011011011101011000000011001100111101010110010101111100001011111110010001010000100011101001100000000001001101110101010000000100111
111111111111111111111111111111111111111111111111111111111111111111111111111111111111111111111111111110100101010110101100011111011001001010110000111101101111011011000000001101111110010000111111100010110000010101101001010000011010110011101101010101111011111010100011111111110111111001010100011001001110
000000000000000000000000000000000000000000000000000000000000000000000000000000000000000000000000000001011011101001010000000000100110110101001101000010010000100100001111100010100101101101000000010101011011111111010100000000000100001111011010101000000000100101010100000000001110010110101001100110110001
111111111111111111111111111111111111111111111111111111111111111111111111111111111111111111111111111100100100010110100111111100011001111010110010011101101111011011110000011101011010010010001110001010100100001110101010100000000011111111110101010110001111011010101000111110110011111001010010000001001111
111111111111111111111111111111111111111111111111111111111111111111111111111111111111111111111111111110011011101001001000000011000111001111001100100000010001100100000000000010111101101100110001100101010001110001010101011111111000000100101110100001110001111111010011000001001101101110100100011000010010
000000000000000000000000000000000000000000000000000000000000000000000000000000000000000000000000000001000110110110010000000000101010110100110011000010101110011000111111110101000010010011000000011010101010001110101010000000000101111011110001001000000110000100101100000000010011110101001001100110101101
111111111111111111111111111111111111111111111111111111111111111111111111111111111111111111111111111100111001001001100111111100010101111011001100011101010001100111000000001010111101101100001110000101010101111111010100100000000010001111011110110110001001111011010000111110101110011010110010000001010011
111111111111111111111111111111111111111111111111111111111111111111111111111111111111111111111111111111001111110110011000000011101011001100110001100010101110011000001111100111111110110001110001110010110010010001101001001111100000110111101011001000000010111101100111000001010101101101001100000000101110
000000000000000000000000000000000000000000000000000000000000000000000000000000000000000000000000000000100110111001100000000000010110110111000110000001011111100111110000011001000011000110000000001101101000101110110110010000011101011100110100110001110101000110011000000000101011110110010001111110010101
111111111111111111111111111111111111111111111111111111111111111111111111111111111111111111111111111100011001000110000111111100001001111000111000011100100000011000000000000110111100111000001110000010010101011111001000100000000010101011011011000110001010111001100000111110010110011001100010000001001011
111111111111111111111111111111111111111111111111111111111111111111111111111111111111111111111111111111100111111000111000000011110111001111000011100011011111100011111111111001111111000011110001111001110010110001110011000000000001010111101100011000000101111110001111000001101101101110011100000000100110
000000000000000000000000000000000000000000000000000000000000000000000000000000000000000000000000000000011000001111000000000000001100110001111100000000110000111100000000000110000001111100000000000111000001101110011100001111100000101111110011100000000010000001110000000000011011110011100000000000011001
111111111111111111111111111111111111111111111111111111111111111111111111111111111111111111111111111111000111110000011111111111100011111110000001111110001111000000001111100001111110000001111111110000111110011111100001110000011110011111111100001111111001111110000111111111000111111100001111111111100111
111111111111111111111111111111111111111111111111111111111111111111111111111111111111111111111111111100111111111111100000000000011111001111111110000001111111111111110000011111111111111110000000001111110001110001111110000000000001110000001111110000000111111111111000000000111100001111110000000000011110
000000000000000000000000000000000000000000000000000000000000000000000000000000000000000000000000000000000000000000000000000000000000110000000000000000000000000000000000000000000000000000000000000000000000001110000000000000000000001111110000000000000000000000000000000000000011110000000000000000000001
111111111111111111111111111111111111111111111111111111111111111111111111111111111111111111111111111111111111111111111111111111111111111111111111111111111111111111111111111111111111111111111111111111111111111111111111111111111111111111111111111111111111111111111111111111111111111111111111111111111111
000000000000000000000000000000000000000000000000000000000000000000000000000000000000000000000000000000000000000000000000000000000000000000000000000000000000000000000000000000000000000000000000000000000000000000000000000000000000000000000000000000000000000000000000000000000000000000000000000000000000
000000000000000000000000000000000000000000000000000000000000000000000000000000000000000000000000000000000000000000000000000000000000000000000000000000000000000000000000000000000000000000000000000000000000000000000000000000000000000000000000000000000000000000000000000000000000000000000000000000000000
000000000000000000000000000000000000000000000000000000000000000000000000000000000000000000000000000000000000000000000000000000000000000000000000000000000000000000000000000000000000000000000000000000000000000000000000000000000000000000000000000000000000000000000000000000000000000000000000000000000000
000000000000000000000000000000000000000000000000000000000000000000000000000000000000000000000000000000000000000000000000000000000000000000000000000000000000000000000000000000000000000000000000000000000000000000000000000000000000000000000000000000000000000000000000000000000000000000000000000000000000
000000000000000000000000000000000000000000000000000000000000000000000000000000000000000000000000000000000000000000000000000000000000000000000000000000000000000000000000000000000000000000000000000000000000000000000000000000000000000000000000000000000000000000000000000000000000000000000000000000000000
000000000000000000000000000000000000000000000000000000000000000000000000000000000000000000000000000000000000000000000000000000000000000000000000000000000000000000000000000000000000000000000000000000000000000000000000000000000000000000000000000000000000000000000000000000000000000000000000000000000000
000000000000000000000000000000000000000000000000000000000000000000000000000000000000000000000000000000000000000000000000000000000000000000000000000000000000000000000000000000000000000000000000000000000000000000000000000000000000000000000000000000000000000000000000000000000000000000000000000000000000
000000000000000000000000000000000000000000000000000000000000000000000000000000000000000000000000000000000000000000000000000000000000000000000000000000000000000000000000000000000000000000000000000000000000000000000000000000000000000000000000000000000000000000000000000000000000000000000000000000000000
000000000000000000000000000000000000000000000000000000000000000000000000000000000000000000000000000000000000000000000000000000000000000000000000000000000000000000000000000000000000000000000000000000000000000000000000000000000000000000000000000000000000000000000000000000000000000000000000000000000000
000000000000000000000000000000000000000000000000000000000000000000000000000000000000000000000000000000000000000000000000000000000000000000000000000000000000000000000000000000000000000000000000000000000000000000000000000000000000000000000000000000000000000000000000000000000000000000000000000000000000
